logTeff:
  MEAN: 3.7
  PNMAX: 9.387230328989702
  PNMIN: -5.2989908487604165
  STD: 0.1
logg:
  MEAN: 3.2
  PNMAX: 3.3389749999999996
  PNMIN: -3.2758333384990697
  STD: 1.2
FeH:
  MEAN: -0.2
  PNMAX: 4.568167
  PNMIN: -8.926531221275827
  STD: 0.3