logTeff:
  MEAN: 3.8
  PNMAX: 12.000000000000002
  PNMIN: -6.324908332532
  STD: 0.1
logg:
  MEAN: 3.9
  PNMAX: 6.584444444444444
  PNMIN: -4.403565883333333
  STD: 0.9
FeH:
  MEAN: -0.4
  PNMAX: 4.4496842
  PNMIN: -7.496200000000001
  STD: 0.5
rv:
  MEAN: -7.4
  PNMAX: 9.074319773706897
  PNMIN: -9.116415791127874
  STD: 60.9