logg:
  MEAN: 3.4
  STD: 1.0
  PNMAX: 4.431402778625488
  PNMIN: -3.6770452499389648
logTeff:
  MEAN: 3.7
  STD: 0.1
  PNMAX: 7.216303825378416
  PNMIN: -2.9253287315368715
FeH:
  MEAN: -0.2
  STD: 0.3
  PNMAX: 6.28403369585673
  PNMIN: -8.44794527689616