logg:
  MEAN: 3.94
  STD: 0.842
  PNMAX: 6.328379524575279
  PNMIN: -5.198329691211401
logTeff:
  MEAN: 3.722
  STD: 0.092
  PNMAX: 13.164666714875596
  PNMIN: -4.82124239130435
FeH:
  MEAN: -0.349
  STD: 0.39
  PNMAX: 5.649279689788819
  PNMIN: -11.052914096147585